beautiful: [-0.48525923  0.48989838]
boy: [-0.40105975  0.06084579]
can: [-0.18636236 -0.43697688]
children: [0.19304371 0.03514731]
daughter: [0.4949897  0.36388546]
family: [0.5055823 0.3396532]
future: [ 0.42373186 -0.22213167]
king: [-0.3171456  -0.13002518]
man: [ 0.28622043 -0.17907482]
now: [ 0.08363825 -0.43413982]
only: [0.3200227  0.16866517]
prince: [-0.35240686 -0.3959074 ]
princess: [-0.14400038  0.34702116]
queen: [-0.22663495 -0.46553904]
realm: [-0.4799234   0.50263435]
royal: [-0.31999823  0.4542346 ]
rule: [-0.09290153 -0.15690821]
son: [0.410519   0.10641861]
strong: [0.4113769  0.40868533]
their: [ 0.23212487 -0.23161218]
woman: [0.4923479  0.17614555]
